country:
  minLat: 26.249746
  minLon: 80.096758
  maxLat: 30.881294
  maxLon: 88.316097
  countryName: Nepal
